# Camera Poses (R and t)
Format: id R00, R01, R02, R10, R11, R12, R20, R21, R22, tx, ty, tz
No. of poses: 41

0 0.904551 -0.258578 -0.339006 -0.132051 -0.925914 0.353901 -0.405401 -0.275355 -0.871682 -0.052188 0.130219 0.676019
1 0.885036 -0.328242 -0.330103 -0.176156 -0.892515 0.415193 -0.430906 -0.309312 -0.84773 -0.110243 0.089727 0.68284
2 0.991103 0.115829 -0.0655604 0.133075 -0.853715 0.50345 0.00234432 -0.507696 -0.861533 -0.132475 -0.0566934 0.645783
3 0.990678 0.130311 -0.0397039 0.136197 -0.953361 0.269355 -0.00275226 -0.272252 -0.962222 -0.157101 0.169284 0.716429
4 0.897521 0.402883 0.179279 0.287303 -0.842673 0.455368 0.334534 -0.357195 -0.872066 -0.170971 0.00928627 0.661865
5 0.984266 0.176389 -0.010336 0.174611 -0.962061 0.209643 0.027035 -0.20815 -0.977723 -0.140437 0.21209 0.750859
6 0.982948 0.182748 0.0203878 0.183698 -0.980871 -0.0644023 0.00822836 0.0670493 -0.997716 -0.119128 0.0411293 0.578715
7 0.982884 0.178162 0.0468717 0.183992 -0.936564 -0.29832 -0.00925103 0.301838 -0.953314 -0.115499 0.0243644 0.597319
8 0.909377 0.0175421 -0.415603 -0.0435937 -0.98959 -0.137156 -0.413682 0.142845 -0.899146 0.00362393 0.0317179 0.653107
9 0.761965 -0.297853 -0.575059 -0.279343 -0.952268 0.123094 -0.584275 0.0668452 -0.808798 0.0231097 0.104885 0.796496
10 0.979179 0.187488 -0.0778203 0.202571 -0.927295 0.314784 -0.0131441 -0.323994 -0.945968 -0.0436477 0.016614 0.714624
11 0.887328 0.416228 0.198505 0.369478 -0.899283 0.234041 0.275927 -0.134328 -0.951746 -0.0957092 0.137954 0.664455
12 0.909267 -0.16188 0.383443 -0.267734 -0.932851 0.241057 0.318673 -0.321846 -0.891551 -0.159161 0.0863217 0.601117
13 0.935775 0.248181 0.25046 0.141965 -0.915406 0.376666 0.322754 -0.316919 -0.891848 -0.1042 0.00474772 0.60152
14 0.926779 0.032184 0.374225 -0.0975108 -0.941546 0.322463 0.362729 -0.335343 -0.869467 -0.0748802 0.0116533 0.611015
15 0.694366 0.704412 0.147174 0.687709 -0.709776 0.15256 0.211926 -0.00471939 -0.977274 -0.274917 0.0452808 0.651381
16 0.870774 0.437545 -0.224293 0.412481 -0.898348 -0.151097 -0.267605 0.0390547 -0.962737 -0.223954 0.135601 0.816926
17 0.836922 -0.319466 -0.444414 -0.268188 -0.947185 0.175829 -0.477113 -0.0279687 -0.878397 -0.00258215 0.239128 0.792633
18 0.9674 -0.157417 -0.198384 -0.101971 -0.959161 0.263841 -0.231815 -0.235011 -0.943945 -0.13315 0.168492 0.567362
19 0.999996 0.000905883 0.00275532 -0.000355395 -0.904545 0.426378 0.00287856 -0.426377 -0.904541 -0.163731 0.0455799 0.456769
20 0.999897 0.00525473 -0.0133713 0.00587506 -0.998888 0.0467841 -0.0131106 -0.0468578 -0.998816 -0.159361 0.0328615 0.535759
21 0.798132 0.602467 -0.00438383 0.602438 -0.79814 -0.00641477 -0.00736359 0.00247885 -0.99997 -0.0347114 -0.0302326 0.547354
22 0.895484 -0.419295 -0.14933 -0.393812 -0.902732 0.173167 -0.207413 -0.0962608 -0.973506 -0.0393128 0.0679615 0.5803
23 0.644514 -0.761731 -0.0660946 -0.734043 -0.640637 0.225311 -0.213969 -0.0966998 -0.972042 -0.0739656 0.118346 0.580302
24 0.961317 -0.0767834 -0.264526 -0.155117 -0.944509 -0.289554 -0.227614 0.319385 -0.919883 -0.00643373 0.0281774 0.606435
25 0.898626 0.361481 0.2486 0.435516 -0.803335 -0.406175 0.0528844 0.473269 -0.879329 -0.186741 0.100005 0.582259
26 0.854954 0.0843574 -0.511798 0.0389391 -0.994341 -0.0988453 -0.517239 0.0645793 -0.853401 -0.0145583 0.0655247 0.754727
27 0.85223 0.478037 0.21257 0.466231 -0.878296 0.105947 0.237346 0.00881525 -0.971385 -0.210123 -0.00181714 0.523519
28 0.896645 0.442698 0.0067967 0.442051 -0.895987 0.0424082 0.0248638 -0.0350206 -0.999077 -0.106278 0.0439216 0.443035
29 0.842202 0.502945 0.194275 0.487928 -0.86428 0.122254 0.229395 -0.00816984 -0.973299 -0.155864 0.0273931 0.402724
30 0.892074 0.434539 0.124017 0.437722 -0.899109 0.00175198 0.112266 0.0527222 -0.992279 -0.197749 0.0430378 0.608269
31 0.892171 0.448897 0.0502305 0.445277 -0.855349 -0.264776 -0.0758928 0.258592 -0.963001 -0.0526558 0.0470004 0.489901
32 0.905923 0.394767 -0.153175 0.306301 -0.8607 -0.406665 -0.292375 0.321489 -0.900645 -0.0293501 0.103449 0.568967
33 0.74389 0.668285 0.00484509 0.619057 -0.686325 -0.381742 -0.251787 0.286973 -0.924256 -0.0038081 0.0302964 0.551974
34 0.800633 0.54428 -0.250491 0.435397 -0.815727 -0.380813 -0.411602 0.195829 -0.890076 -0.0253426 -0.005217 0.609486
35 0.770862 0.350294 -0.53204 0.236438 -0.932901 -0.27165 -0.591498 0.0836097 -0.80196 0.0212995 0.158907 0.82124
36 0.375563 0.903125 0.20813 0.77478 -0.429178 0.464244 0.508595 -0.0130979 -0.860906 -0.131904 -0.0580851 0.508284
37 0.9623 -0.0255287 0.270791 -0.0896012 -0.969767 0.226988 0.25681 -0.242693 -0.935494 -0.169156 0.0988271 0.506544
38 0.351872 -0.912236 0.20979 -0.923718 -0.302145 0.235488 -0.151433 -0.276649 -0.948964 -0.0579612 0.147977 0.549258
39 0.75623 -0.649996 0.0749706 -0.637833 -0.706788 0.305974 -0.145893 -0.279205 -0.949084 -0.0328459 0.0942515 0.548788
40 0.871448 0.469743 -0.141139 0.462494 -0.882779 -0.0824706 -0.163334 0.00659285 -0.986549 -0.245188 -0.0408642 0.794726
